[17513.920414] [Project1] 3931 1588153495.471970192 1588153497.594764937
[17516.810996] [Project1] 3932 1588153498.555737496 1588153500.485383890
[17519.797413] [Project1] 3933 1588153501.479928106 1588153503.471840258
[17522.801970] [Project1] 3934 1588153504.535870277 1588153506.476436080
[17525.528038] [Project1] 3935 1588153507.435850990 1588153509.202537535
[17528.327076] [Project1] 3936 1588153510.159624055 1588153512.001604337
[17531.181474] [Project1] 3937 1588153512.967962835 1588153514.856046572
[17534.006122] [Project1] 3938 1588153515.823949828 1588153517.680731997
[17536.721988] [Project1] 3939 1588153518.639819656 1588153520.396631605
[17539.384747] [Project1] 3940 1588153521.304038516 1588153523.059414665
